996.147038461637
997.5540090659554
998.6257296898774
998.0498844777449
998.4728007866864
998.4936074821961
998.1419282810235
999.378113145115
998.4295393251343
998.2045434103173
998.4838882371864
998.3626083242951
998.5872459974692
998.265360722193
998.1865921831649
998.3011920488976
997.0253709483226
998.2891257344688
997.3467978789324
998.8284915504764
998.2852333646933
998.4601408209344
997.9533364458531
998.6811421175879
998.5866688508114
998.5225966738259
998.4791599162198
998.2828505473836
998.8057720264185
998.2151299316246
998.4408130555411
997.95528949482
997.9721581459274
998.4250116378746
999.237606823242
998.1030313097391
998.3553735456578
998.4623122487097
998.4632992453953
998.4651991533606
998.5027036163146
998.3337504719001
998.0998161877599
997.1091034516936
998.2976471134498
998.1634276053647
998.2232537669316
998.0837469658746
997.2846930686143
998.2577420289862
998.2050016394478
998.063111456465
996.4781419946149
998.116762375024
998.2588923320894
996.8274791366057
997.8241741318958
998.3283060660405
998.2969994698021
998.3630124448522
997.7551099369824