1000.8749550652369
1000.627710362975
999.7807025433926
1000.8677408315497
1001.3833928497369
1001.1201193934771
1000.8957103536062
1001.578466335893
1000.6421268873504
1000.3441452410065
1001.2139174270451
1000.9319069775977
1000.8114218321251
1000.1399087411771
1000.059796553931
998.3567750336349
994.5987458868074
1002.4326696083683
997.1123963307296
998.8457748621655
994.7865020430716
996.2382767487153
1002.5281268731017
994.3286273204649
1003.6160765307069
999.0566779622466
996.6659593698432
1002.5364747817458
1004.5481248497803
1001.6275415508951
999.5391472958976
1003.3137320409804
997.5025771469265
1003.1355767521358
1004.2734538990314
996.6334352096011
1001.6204614635276
1002.6685740444894
1003.9280554746739
1001.9594200747304
1002.9698358411634
1003.4289529718383
999.7140091670667
995.6822612098903
1006.5408242553356
998.469319407587
996.9713358448978
1003.2705624628682
1004.0746732377477
1001.4014203184505
999.0306914987948
1005.8000830216906
1001.2457374057828
999.0225487796359
1004.2256696934409
996.3743426850975
997.9710179791044
1004.657928981407
999.9011084447302
997.6554215188729
1003.9707949944758
992.8729764190583
998.5350344942134
998.5813558230697
1002.6893625699287
994.165903073808
1014.7680537498655
1004.8801462324946
996.0218491709105
994.2071087321998
1002.1231177821466
1001.5874257853081
996.6258106471104
1006.5455542225797
1005.213821326831
1007.8490783903362
1000.9634763304254
1000.5122062173955
1015.6079091337169
1003.8199232032656
1007.6890685548248
986.073628770636
997.8780314105327
991.7623107996997
998.0456317177889
999.0082727159971
996.8786651476147
1001.5742908748009
1004.1595374809771
1001.965852955259
997.4349156032238
985.1699921592214
998.5540370902569
1005.9301983096094
1000.5673149564951
1002.0117910215627
998.578896349953
995.4542375090329
1000.78193891075
991.9037616205314
1005.1416165557418
996.3741487917879
994.5301200837307
994.8913583817281
1000.277388279996
993.9239256540512
995.5724797623928
998.5593113725442
1024.4627709949443
1002.948880871184
1020.2608724336144
999.0210876049814
1007.7175334901938
998.8984244297565
1019.8398899109409
1000.6868947776621
1011.6368260905144
1000.4558322091235
1011.5999769643385
993.3778026800077
1005.2552894237563
1004.6231377999861
997.2053211492054
1000.3971442031609
996.4251904041769
995.2914106384321
1000.6971357694845
993.5463290650769
987.5106313536528
988.8392236488245
1015.6682266978769
996.0589840146265
983.7931359505614
1010.3314441362102
998.2807535784962
984.1205012742901
1016.5678377806373
987.1249085480722
984.9982416000751
997.2082023189791
1012.0025047163126
996.1130409059807
1000.1285659728953
995.7679219354477
998.5455619701136
997.6776221873677
1028.09779351782
998.3806782079118
1008.8378611044542
998.4254103311873
993.6757544420665
999.6495425295857
1010.423439553146
998.4750334264197
985.7559863693499
995.9127448156088
1021.8729248577097
999.505738625847
1029.3599531530456
1002.9034425757297
992.8194259905927
990.5188596126982
1020.3365305620691
1008.8024081355078
982.8673076636998
1006.8956000719489
1006.7787301776938
1025.3035352888235
996.2843011663086
1004.7070802323433
1019.0730926213731
1020.460428338233
992.186936142081
981.9335653678461
984.3912692255315
1017.2366462489886
992.8845788666727
1003.6096360140032
986.6224438666951
999.5837345891788
999.0755037480851
997.2443320957809
990.7557174014239
999.4088234572727
1007.5753209617828
1002.3196096569397
995.1172067275543
1002.8909152108668
1002.4516056442026
1003.2577322463256
977.8952577219557
1000.9541540675524
982.9858023828473
1005.0033907503049
999.2468080687624
995.1970116065914
990.4120170126168
992.3623321969702
1016.4748582727268
993.9467680608716
997.0094341937041
1014.0600382944001
1014.9611301239521
1003.1964009527943
1004.8528185362522
1011.7097105894557
1000.3499440026176
1013.1843248520776
997.6625965221108
1016.3664760552662
1005.6465345189431
993.5639875175831
999.5433504981962
998.6080261073411
997.7080609520802
1017.4005247031523
998.3867732854889
995.7248237518285
998.9211711541607
1004.2903350273813
990.3164807254094
982.5350232445916
996.9519226901616
981.2506852723671
987.5680799824638
992.8796241831938
989.9360556139776
1006.9179370714825
1009.874415652882
997.0319714569086
991.9662706875118
996.5941840449652
1005.4197493897561
999.6617659083545
1004.2594899240136
1000.1728102373111
1019.1782710620356
1000.5664412123214
1038.0409208385815
999.0660224073482
998.7981365067918
995.9296274348704
993.4821582681593
1017.1875360389597
998.9766579022206
981.4431990729213
1011.0779600931672
1007.0312076663761
1003.1229936812533
1002.6404958139283
1013.0845656475129
1005.015790613466
1001.7077041784246
979.3093018288561
998.2939103170169
999.5169483643787
1010.8782052209058
1004.9634531617755
991.2690879666582
1006.2627269776816
1000.4150955157014
999.9596504625624
993.2169026194681
993.496708062835
1000.1409568256668
1010.4678598100189
1001.3721663961356
1012.734297348026
998.3975623573006
980.0234995121085
995.429276571289
1005.340952416945
997.4315966707491
992.3959795007283
997.5740016483438
1003.6653082155873
998.1927874222544
1008.7204829444876
1022.5479802211923
988.4122374760645
984.3625096935834
1000.6606763644957
992.7867628262376
983.6698712242284
985.4449454935015
1000.1757522372956
1005.276163391339
981.4946168340863
992.6817702682415
999.193439567691
1026.194759977364
974.6766617232815
992.1108427214975
989.6533387391213
1011.604264087637
977.5221014748128
1008.5446228253661
993.4783351903754
1000.4597734004552
996.4686177444626
1005.298272237056
1008.0209644962748
1023.9209817064792
1025.3728391557092
1008.8389166913665
1000.6759342362583
1009.4818436451693
995.6414033498814
1003.7527777492871
1012.9204655689854
1003.0449536458672
974.9400041933657
999.1962886996929
1007.395763870883
999.3029475450174
991.9378119564805
1002.9523899061013
1023.6392182042266
990.031031131348
1002.9665536418457
998.3078756652228
1014.5750964858394
1004.846245174355
983.7336100891795
1001.3811973046278
998.7299704115271
999.013340922057
991.8828032457463
999.2646803378021
984.9531669079298
1024.028840384879
1014.0346453374067
1006.2617893743952
1003.0192681350694
1006.2015196562814
998.4581933246078
1014.3406240231187
998.397737827846
992.9266741809085
999.737540445071
1008.0323943752998
998.9526988266311
996.6513115687001
1000.4791642989923
992.1473303552172
990.8584888076399
996.1825514233071
986.7966752616317
1013.415479885861
989.4809625899278
982.4147363823946
1006.7447948433854
974.4520180322938
976.057013294249
977.5119160669207
998.4573868921447
1024.4075465449089
1003.0910109667817
1003.6000806515959
991.2630717857696
989.1457758523816
996.6126795091662
1000.1653026253882
999.6554206080264
1000.2879534034637
998.7497568886013
1022.4029224882967
999.1440431524826
998.4717534126842
1001.4595826700346
995.9919208954458
998.2940206189809
999.7295240391974
992.41614877057
1008.3664392492493
1001.8596079984261
1012.4811359982023
976.3525129219928
1003.0810885998649
1026.8012240095404
992.7145655201246
981.4723836890419
1028.4874103121
986.5126379495855
979.9704258235602
1029.1617002309451
986.8803455999313
1008.0891515124047
1024.1205227980981
968.4504668758697
991.0145877126331
1006.9051772538912
1001.1275055886788
990.8025108947999
1005.0216344517963
1000.1992730660676
990.3215697190938
990.0952638488884
1008.470456587703
1000.938767879639
991.1742549618659
1000.7835662936768
1004.6399451499477
991.2301588085584
1004.9477819298322
1001.6485865142523
1008.7987066005588
985.8835145188299
998.329845910138
1010.025442910232
1008.0799221476689
993.5093932695403
1004.2447926692029
1002.8427617597686
990.7008197022146
1003.3545358093769
996.9271599293702
994.3154051651268
1007.0144114889519
996.7294441180566
994.6841851041012
1016.6294866502545
988.8593152514467
994.6646193487783
1005.055924172461
1008.0830567136026
982.1518805205232
1002.6683752106476
997.3661901324358
983.2786414403396
1009.9658451569586
1002.2340243746517
976.8904425973262
1008.9724711134394
1012.9595074147288
998.4813261735245
1002.9344394250354
996.3686001110482
1001.0497601560124
1004.4577723418739
1001.9819073335408
994.6791101994703
992.9244122150286
998.0876447984365
1002.033495431909
995.4206884511141
996.1597497876583
1003.0481695283082
995.2451117376111
996.8543434069041
999.1986691180338
1003.6889208704855
991.8729216786039
1016.0372583204073
997.3839534549822
996.7446818678092
1004.4981390617107
1001.320826524591
991.0789447649264
1000.9401538722933
1001.9056031379204
992.7351459560048
1015.065767640053
997.0821913066344
988.9364809352317
996.6726480621609
1007.3938624818002
998.1348088493057
981.1452639072158
988.9548230250005
1010.8056119521744
999.733978790178
993.9289463951887
1002.2613540494514
995.7241729523342
1001.1323839603632
1005.1321140545109
993.4034071835872
1005.7174853643345
1000.1287125234882
999.0024003964355
1006.0740887393382
998.364051292258
1000.0416122410156
1002.2925442139585
1002.1465997707122
986.4894522781477
1008.8479779803348
1010.0372768596216
987.3083699706793
1008.7071753785883
996.0962353949592
990.1738875072651
1001.3401286046615
998.0504760928928
985.5198761609225
1002.3680946195564
1000.2315357879945
998.5781503154171
994.0936477561909
992.4421236753759
1008.787661778652
1000.6384279705832
992.9299447287306
1003.5438523163598
1005.5269884130857
986.8501771631599
988.1453119963734
1007.0597737545721
1002.9696871082446
999.6713393951034
999.378591404799
1000.3915445799659
1001.5332267903048
998.3168029454628
1000.9372394236314
994.4504929859959
995.061882182229
1000.4216422255969
998.0843005915933
995.7007735593861
993.8153345489493
1006.6139938854864
1002.6204170386768
998.4829421240806
995.8185282486766
995.9516740273295
985.9771617341094
1000.98907571993
996.0601954681252
1005.3350581227585
999.8728243343
988.9392089924486
993.0858559439662
996.7121805528615
998.0309574909238
996.1041684170185
999.1102295527205
1006.3214056425711
1004.2335879393997
1002.3146919632377
999.4615519198325
999.6973759363431
997.5255982827508
1002.3582369238055
996.4779427015984
993.770374586851
997.7439375081616
999.1946982034532
1004.075778183106
997.7937467690605
999.5183641222455
998.8614756407868
997.2596943918319
992.5417630268311
1011.6564466293682
1004.4653908734186
1011.6955845400532
994.7803256068598
1003.0750086219076
996.3769701053111
990.4740316999937
996.730720894169
973.9698505143837
1001.4997963272085
1003.0936883155481
998.629492340022
1002.2594229349804
999.775672079512
996.5964725543433
996.0906933199318
998.5190356607179
999.4992611055849
998.2346036429764
996.3986572350647
998.8500717949066
989.7460713947997
997.0689352702751
1010.0547896197958
995.3186124005518
996.7786458853791
1004.9972583898126
988.6663343839721
994.1840490708751
1001.1558727874545
1001.2872281410239
992.7117696205935
978.2770329724653
1005.8795764255282
982.829902590784
988.3526542105303
996.6289820026107
1019.3546812562544
986.6758164103345
991.6614585606774
992.0490734169807
1005.2144042272772
1006.065345296219
1001.787988195227
998.9049783720973
1017.7756478221318
997.8579741087856
999.9505278618788
998.4072229380955
994.408098507293
994.879649386603
998.7127367804818
998.687441217301
990.2556300232834
997.0046668186465
997.1557330886735
1011.4541756874653
996.7527427045485
997.2458238027573
997.3023962540149
992.6700137660097
988.5894812620656
1007.9133125203576
985.7146872958524
1003.6639566487828
1013.3508494053232
989.8363685840402
988.4835127388873
1015.3826810602197
1000.2383020640631
979.5673248418456
1000.4236218032039
1014.0904122602481
990.8463979239971
983.8666328003811
1006.3048270869219
1003.5962914631011
987.5031151530816
1005.6124622747323
1002.134635640561
990.2171215891796
1002.7373718918677
1005.8832113333486
1000.6389306323235
994.6982380607749
997.6380477377354
1002.7758779976161
1000.092786455082
993.9148199988015
999.8384733534162
995.9245674518528
992.1702427866098
1001.0073146391289
999.5527784321546
991.6881782133132
1014.6166925918378
1001.5609269419609
1001.1077538965974
992.8931142067659
997.9946496623165
1002.9087238321541
994.0507507782538
995.212104446208
1003.6930008829592
1000.60134869268
1003.5876866746074
998.7370481634343
997.457971727175
1000.7555055640762
1000.3099800488097
1002.3974395691762
993.7755655835174
994.6758176580398
1002.6153897332715
998.721999417861
989.7779563791063
1007.7598399410248
994.5330188007837
995.0024026054208
1007.2428096627743
1005.4283297250184
999.6098086550622
992.3372658694675
999.2815913496306
1000.347512359325
988.9454920684001
1000.9049021114296
1004.5207268687342
1001.8527463741565
994.4877569287869
1008.2095331011307
994.5128632825017
996.3086991275596
999.9088133492023
1003.3613162881853
1009.6281683432222
994.4687692124876
991.5573525335031
1006.7708014214604
996.5398527198798
996.3701855563723
998.3809713411059
997.2123687653548
1005.9316187947369
989.1685550774246
989.4375210505664
1009.1305893106996
1000.08896026998
989.9415720912219
1009.5874726928866
1004.2432358314195
996.3256638290313
989.6391345292283
990.9980145620877
1006.326595781613
987.2133765502572
1002.5757383155101
997.8875755033729
1001.2047454578159
998.0965769303891
1013.5466868630176
991.8913638203329
1012.9061783432658
1005.693539945072
996.4148468948263
999.2718826208861
1015.2668537702243
991.289160225214
997.444045597065
1008.4197980206656
993.4282706523154
994.0374937811148
1001.0876320985143
1003.3391102196756
992.0951897109269
1005.6662866994396
994.9248181880931
992.8915933133084
1008.2890991944771
987.3568337381171
998.6413124141471
992.8350243840565
998.5896117344151
994.9482136105828
995.773312728635
995.5211003752557
1001.3855443485091
998.8935598697991
991.7389250613339
1000.2829035624321
1002.9135521413648
998.4198069786125
1000.0795963774134
1000.9356518472551
992.8152241622607
995.5211248247624
998.3690824529824
1001.3496327447722
994.0169068650744
996.5920732790373
997.8564219245623
997.1483848170492
998.3535757194242
1016.787171065784
994.0496505734761
1000.8549263560877
1000.281319814386
1002.9263700674591
988.5423544345937
999.7926094741899
1000.1247473673671
1004.4169746392979
998.5345563086137
997.9561798403976
1027.5956685706933
996.9080403560251
977.1313349236325
998.4226298747438
1012.4495498413786
996.8345003970518
1010.233295773328
1005.7667636132197
1007.2252557432424
1003.4558001645912
1015.261415572285
993.5379992060898
997.8749854892695
1002.2993656504227
981.2865869061086
984.3644083213492
1003.8879008446162
998.601465971786
1015.5377075081999
989.2796651803019
993.9507656602564
988.1385283542181
996.4128807688558
1010.7906818987055
997.9781910168429
1019.17542468031
984.4022642544866
988.7625706261539
995.2181442427584
986.0723063537937
997.0087336168174
1012.2156082467264
999.8174724668548
1013.0311150214686
998.3274692655763
982.8456433604617
996.9244200206404
1000.3181951135598
994.4885915408985
994.034674896208
1026.9414062412907
998.3220131578587
997.5597608790163
1015.2553993245443
996.0441246113749
998.5240459099069
1005.9323397465707
1010.2532717374835
1001.3888188678213
999.1254016664825
1011.8939873576134
1003.7977865747463
1001.2170403307616
998.5017120062239
978.2894332131161
1015.6136492554834
991.4854215264135
1010.1591918492303
993.4014335097419
990.7373139033575
993.3909728357157
1008.8293430232341
992.9659742916472
1009.7916089984558
1009.6784311738268
988.9091847182126
1002.0542012589988
1002.299864034731
992.2841299447502
1004.0588186453073
998.1634175465509
1004.7573236360907
991.8888789561258
1006.9905406545982
996.045149734293
992.2125795497102
991.6024285279055
1008.4101697214732
988.1598969787277
999.2322575851372
1004.2875635121446
990.1260991478864
1000.7669153205505
1002.0828777292274
990.7418937599035
1000.4273759564009
995.6598998821083
992.9873537834408
1001.9431336209905
999.643701403535
992.2895467413983
1007.0966294286809
982.8322633014293
1003.3969846183563
998.0316931325829
998.780018946019
1002.3800271748684
994.5746163364718
994.221674542398
1000.6018635147598
997.7589422593215
1001.2418777886592
1003.3413138487622
999.7689784763078
994.6803770064231
1002.8231838939754
986.7779588836792
1002.5029812917317
1003.86763254973
999.6837337468286
992.2208303611096
1000.2073963057662
999.9477944384696
992.973244736438
1002.7246153881732
1000.1169164512718
1008.3643720991387
995.884783949047
994.8573035301343
1002.2496773441287
1005.6724488346144
993.9817754745003
994.0919929742117
1005.1318764437083
998.3694614890021
999.899449127761
1007.3852740497251
993.6671312284059
993.834166300017
1008.1055831113376
992.7060284389382
1001.7805686970576
1016.5613280813361
991.9101010556479
997.9055111283283
1008.0976046928989
1006.8154946721322
992.3373589476716
997.8555776897576
1010.0854734117959
1000.9716204846968
996.1264704916539
987.18437601114
995.6667659350894
983.5455030021184
1010.8712532284021
978.4374573793461
1020.391425436538
989.985823540398
972.840423050461
996.2966231043293
1007.0046001071495
977.4817197202461
1002.5244447764903
1018.0467870240542
968.0415846684531
1030.0384571655566
1006.5214917308023
999.5518162678512
1042.7295422573584
981.9498663940079
1008.9696442711447
993.3389933119307
998.4848053443227
998.504966276688
997.7441205306299
997.5789592673855
1021.5200052263342
996.0639979268401
1003.8778893318847
996.6068905232595
998.2610367480291
1005.0067697010803
993.2452446530062
998.1435457187558
997.738250512949
1018.6250624498693
1012.5800444292046
980.108095154759
974.6999875295013
995.067569083331
1020.4347974074776
1027.5239753708913
1017.9085685643922
1008.8122159619251
994.1921202160877
972.8389724851899
987.3428767146953
987.1132684331824
990.1064112764294
1053.740062693357
984.4401756399543
990.2961526293839
1002.2806269542925
1000.7909412651775
990.4031514140543
999.6045076363401
991.6599263926117
986.7792462640061
1003.1624978885525
1002.1865613861573
985.7693068267088
1006.2870214706389
1007.9508749713748
991.6644084258596
1010.211605974194
1004.23824297325
1007.8001558530789
1052.5939447541016
1010.9410932732382
958.2026256589156
1014.6559158671722
1000.6118948158122
953.5311542057973
1001.0223331686663
1031.535350179411
1055.2882720077012
1007.5447156291626
1032.2988735908802
1023.3255985565346
985.3762670505567
998.5422955189479
942.6361433184122
1025.5910245829182
973.9593723135431
1023.0058950861427
944.3846755697012
1006.9414811553214
1018.0411066219084
1067.2462070355134
1009.6540966071301
982.5417986760716
974.5184301131303
979.7719585826898
1025.0968010004176
991.6944560771528
996.6528510183472
990.8603022439642
1005.0072689601006
994.8322892456849
992.9286131060028
1003.9256991497975
988.3706350243364
991.5415006486668
1012.5555083830664
980.8358300496826
1013.7207382595268
985.2991883759165
1034.2301142056783
980.1484229339961
1042.4773410330845
1020.3911542081743
1044.3214180720418
994.8606611229535
1022.599444144676
995.377907181569
1002.7564489492902
1003.6399378025169
987.5247317714376
980.7815891737823
1004.8769163502614
1000.7257357579249
1015.4532897824497
996.7860992530394
978.6683259507329
992.4316859104007
997.5156469281523
998.1207878158635
998.4098680790421
997.8093800406017
993.2978824723427
999.952298878522
981.1132046638517
996.7258372762291
1004.0973411748683
999.9840324530187
997.3568760824783
1002.8489339089164
996.1403776329971
998.4250817457463
1007.1139521340968
998.4896625633937
998.0210543101983
998.0064644785824
997.5067143784847
998.1270796139938
998.0662319054583
998.3777407504436
997.5445723043357
997.544034640321
997.5796063238313
997.3500536083807
998.1674832372822
998.1066109749049
998.2752275965581
997.9999654696187
998.5712342091624
998.3536214232911
998.1744199520642
999.0516556896796
998.0021657942432
998.8258127627108
998.084214914974
998.2078206845306
998.3931580829718
998.2468993700708
998.0145753632509
998.6240396200214
997.8009999177992
998.6089149360174
999.0545838423245
998.9541232984075
998.4624422205173
997.2538207723699
998.6064816013613
999.4317953997111
997.2816187085772
997.8917402475531
998.2914919226549
998.3947506865409
998.6656452829244
999.0850341937318
998.341514435441
998.7104106607732
998.2203641706575
998.383143156594
998.2030787688244
998.4370782313927
998.5482089265846
998.4191598182849
998.4361901726319
998.5008449736083
998.4999765745065
999.192878053762
998.5488260488016
998.374943638536
998.5361800484948
998.4916307047546
998.7360744162395
998.0223611608109
998.9353862337645
998.3367023440338
998.2276484294553
998.6393038209592
998.3995503405688
997.108529781593
998.7668361324178
996.147038461637
997.5540090659554
998.6257296898774
998.0498844777449
998.4728007866864
998.4936074821961
998.1419282810235
999.378113145115
998.4295393251343
998.2045434103173
998.4838882371864
998.3626083242951
998.5872459974692
998.265360722193
998.1865921831649
998.3011920488976
997.0253709483226
998.2891257344688
997.3467978789324
998.8284915504764
998.2852333646933
998.4601408209344
997.9533364458531
998.6811421175879
998.5866688508114
998.5225966738259
998.4791599162198
998.2828505473836
998.8057720264185
998.2151299316246
998.4408130555411
997.95528949482
997.9721581459274
998.4250116378746
999.237606823242
998.1030313097391
998.3553735456578
998.4623122487097
998.4632992453953
998.4651991533606
998.5027036163146
998.3337504719001
998.0998161877599
997.1091034516936
998.2976471134498
998.1634276053647
998.2232537669316
998.0837469658746
997.2846930686143
998.2577420289862
998.2050016394478
998.063111456465
996.4781419946149
998.116762375024
998.2588923320894
996.8274791366057
997.8241741318958
998.3283060660405
998.2969994698021
998.3630124448522
997.7551099369824
998.5219185321321
998.0752184834367
998.311411269129
998.5599672050548
997.7824898504733
998.0905242039372
996.5341543483646
998.1049592243543
997.7049442139495
997.1655055440948
998.3516698934098
997.631158785831
998.2224707239615
997.0985025946484
997.8267785088954
998.9485766378617
997.908913207894
1000.3398028838453
1000.8648882314936
999.1331395240777
999.1846464316242
995.9157802142157
995.5357860495272
1001.7094343004911
996.9321773290096
999.9670467387613
994.5445800240681
998.5709287222666
1001.6205230706137
995.0548109796968
1000.0182953566399
1001.8434635572766
994.3211836976219
998.5044931707669
1000.6777261325897
1000.7269133917405
997.8410182689476
996.0922529778253
997.6612786234415
996.5730259726278
996.0817007549932
1002.9614903892572
999.8267944971318
1000.1372219976668
994.3035854661744
995.481485583755
1001.8876072702168
999.8177179883542
993.8734807896828
996.6875891390492
994.4441876765936
999.1157360727785
998.1047880317027
995.4760610930883
997.8100415822693
997.3845689254272
997.9873156055692
998.850536938415
994.1588948505364
998.1435944038362
995.9720008263284
993.5107027034435
1001.0566258815531
998.6407940287689
998.507149773781
998.6842183229692
998.8412104502097
998.4086730045418
999.1011783929395
998.5767565520489
998.5035805023434
998.1007912554173
997.6761374699707
996.2039866800625
998.0558584839879
998.3075555622576
997.9430767205913
997.0001292875995
1000.2309674790117
999.737629091033
996.6535944010286
997.9697589080594
999.0232662862462
